33
32.4
31.3
30.2
29.8
29.6
28.9
28.7
27.8
27.8
27.6
27.5
27
26.8
25.2
24.9
24.7
22.6
22.6
21.6
21.2
20.6
19.5
19.1
18.9
18.7
18.7
17.8
17.8
17.7
17.5
17
17
16.8
16.8
16.5
16.5
16.2
16
15.8
15.7
15.6
15.1
14.9
14.8
14.7
14.5
14.5
14.3
14.3
14.2
13.8
13.5
13.2
13.2
13
12.8
12.8
12.2
12.1
12
11.8
11.6
11.6
11.5
11.1
11
10.9
10.7
10.5
10.1
9.5
9.5
9.4
9.3
9.3
9.2
9
9
8.8
8.7
8.5
8.2
8.1
8
8
8
7.8
7.8
7.6
7.4
7.3
7
6.4
6.4
6.4
6.3
6.3
6.3
6.3
6.3
6.2
6.1
6
6
6
5.7
5.6
5.5
5.5
5.5
5.2
5.2
5.1
5.1
5
4.8
4.8
4.6
4.5
4.4
4.3
4.2
4.2
4.2
4.1
3.8
3.8
3.7
3.7
3.7
3.7
3.5
3.5
3.5
3.5
3.3
3.2
3
3
3
3
2.9
2.8
2.8
2.8
2.8
2.6
2.5
2.4
2.3
2.3
2.3
2
2
2
1.9
1.8
1.8
1.8
1.8
1.7
1.7
1.6
1.5
1.5
1.5
1.4
1.4
1.3
1.3
1.3
1.3
1.3
1.3
1.2
1.2
1.1
1.1
1
1
1
1
1
0.9
0.8
0.8
0.7
0.7
0.6
0.6
0.5
0.5
0.5
0.3
0.3
0
0
0
0
0
0
0
0
0
0
0
0
0
0
0
0
0