0.592
0.536
0.64
0.582
0.595
0.584
0.561
0.625
0.637
0.665
0.598
0.662
0.554
0.653
0.547
0.613
0.582
0.571
0.532
0.578
0.616
0.474
0.552
0.581
0.539
0.626
0.544
0.474
0.566
0.65
0.624
0.637
0.702
0.51
0.589
0.539
0.512
0.615
0.593
0.6
0.522
0.584
0.583
0.654
0.694
0.541
0.586
0.552
0.66
0.45
0.481
0.558
0.625
0.63
0.574
0.562
0.57
0.463
0.627
0.652
0.474
0.522
0.553
0.614
0.479
0.569
0.553
0.634
0.538
0.566
0.489
0.6
0.542
0.601
0.577
0.565
0.648
0.512
0.587
0.646
0.554
0.642
0.537
0.534
0.508
0.672
0.766
0.503
0.47
0.511
0.569
0.498
0.544
0.593
0.593
0.567
0.341
0.584
0.636
0.552
0.506
0.598
0.558
0.721
0.443
0.48
0.638
0.56
0.917
0.446
0.615
0.482
0.587
0.4
0.5
0.455
0.422
0.564
0.561
0.522
0.633
0.514
0.433
0.54
0.501
0.934
0.43
0.56
0.573
0.423
0.628
0.564
0.43
0.758
0.518
0.601
0.544
0.441
1.5
0.872
0.429
0.451
0.476
0.314
0.485
0.386
0.491
0.406
0.833
0.545
0.349
0.451
0.34
0.694
0.5
0.347
0.564
0.5
0.7
0.175
0.338
0.644
0.512
0.427
0.444
0.384
0.455
0.292
0.931
0.667
0.333
0.591
0.75
1
0.289
0.5
0.333
0.571
0.571
0.568
0.5
0.75
0.431
1
0.353
0.5
0.307
0.202
0.333
0.25
0.333
0.532
0.5
0.258
0.174
0.102
0
0
0
0
0
0
0
0
0
0
0
0
0
0
0
0
0